000,000,000,000,000\n
000,000,000,000,000\n
255,000,000,000,000\n
000,000,000,000,000\n
000,000,000,000,000\n

000,000,000,000,000\n
000,000,000,000,000\n
000,255,000,000,000\n
000,000,000,000,000\n
000,000,000,000,000\n

000,000,000,000,000\n
000,000,000,000,000\n
000,000,000,000,000\n
000,000,000,000,000\n
000,000,000,000,000\n

000,000,000,000,000\n
000,000,000,000,000\n
000,000,000,000,000\n
000,000,000,000,000\n
000,000,000,000,000\n

000,000,000,000,000\n
000,000,000,000,000\n
000,000,000,000,000\n
000,000,000,000,000\n
000,000,000,000,000\n

000,000,000,000,000\n
000,000,000,000,000\n
000,000,000,000,000\n
000,000,000,000,000\n
000,000,000,000,000\n

000,000,000,000,000\n
000,000,000,000,000\n
000,000,000,000,000\n
000,000,000,000,000\n
000,000,000,000,000\n
