
000,000,000,000,000,000,000,000,000,000,000,000,000,000\n
000,000,000,000,000,000,000,000,000,000,000,000,000,000\n
000,000,000,000,000,000,000,000,000,000,000,000,000,000\n
000,000,000,000,000,000,000,000,000,000,000,000,000,000\n
255,255,255,255,255,255,255,255,255,255,000,000,000,000\n
205,205,205,205,205,205,205,205,205,255,000,000,000,000\n
155,155,155,155,155,155,155,155,205,255,000,000,000,000\n
105,105,105,105,105,105,105,155,205,255,000,000,000,000\n
055,055,055,055,055,055,105,155,205,255,000,000,000,000\n
005,005,005,005,005,055,105,155,205,255,000,000,000,000\n
000,000,000,000,005,055,105,155,205,255,000,000,000,000\n
000,000,000,000,005,055,105,155,205,255,000,000,000,000\n
000,000,000,000,005,055,105,155,205,255,000,000,000,000\n
000,000,000,000,005,055,105,155,205,255,000,000,000,000\n

MicroBitImage("000,000,000,000,000\n"
"000,000,000,000,000\n"
"000,000,000,000,000\n"
"000,000,000,000,000\n"
"255,000,000,000,000\n"),

MicroBitImage("000,000,000,000,000\n"
"000,000,000,000,000\n"
"000,000,000,000,000\n"
"255,255,000,000,000\n"
"205,255,000,000,000\n"),

MicroBitImage("000,000,000,000,000\n"
"000,000,000,000,000\n"
"255,255,255,000,000\n"
"205,205,255,000,000\n"
"155,205,255,000,000\n"),

MicroBitImage("000,000,000,000,000\n"
"255,255,255,255,000\n"
"205,205,205,255,000\n"
"155,155,205,255,000\n"
"105,155,205,255,000\n"),

MicroBitImage("255,255,255,255,255\n"
"205,205,205,205,255\n"
"155,155,155,205,255\n"
"105,105,155,205,255\n"
"055,105,155,205,255\n"),

MicroBitImage("205,205,205,205,205\n"
"155,155,155,155,205\n"
"105,105,105,155,205\n"
"055,055,105,155,205\n"
"005,055,105,155,205\n"),

MicroBitImage("155,155,155,155,155\n"
"105,105,105,105,155\n"
"055,055,055,105,155\n"
"005,005,055,105,155\n"
"000,005,055,105,155\n"),

MicroBitImage("105,105,105,105,105\n"
"055,055,055,055,105\n"
"005,005,005,055,105\n"
"000,000,005,055,105\n"
"000,000,005,055,105\n"),

MicroBitImage("055,055,055,055,055\n"
"005,005,005,005,055\n"
"000,000,000,005,055\n"
"000,000,000,005,055\n"
"000,000,000,005,055\n"),

MicroBitImage("005,005,005,005,005\n"
"000,000,000,000,005\n"
"000,000,000,000,005\n"
"000,000,000,000,005\n"
"000,000,000,000,005\n"),

MicroBitImage("000,000,000,000,000\n"
"000,000,000,000,000\n"
"000,000,000,000,000\n"
"000,000,000,000,000\n"
"000,000,000,000,000\n"),
